7 74 9 
0 0 1 1 1 1 0 1 0 1 1 0 0 1 0 1 0 0 1 0 1 1 1 1 1 1 1 1 1 1 0 1 1 0 0 1 0 0 0 1 0 0 1 1 1 1 1 0 0 1 0 0 0 1 1 1 1 1 1 0 0 1 1 1 0 1 1 0 0 1 0 1 1 1 
1 1 0 0 1 0 0 0 0 1 1 1 1 0 0 0 1 0 0 1 0 1 1 1 0 0 0 0 1 0 0 1 1 1 0 1 0 1 0 1 0 0 1 0 1 0 0 1 1 0 0 1 0 1 1 1 1 0 1 0 0 1 0 1 1 1 0 1 1 1 1 0 0 0 
1 0 0 1 0 1 0 0 0 1 0 1 1 0 1 1 1 0 1 1 0 0 1 1 1 0 0 0 1 1 0 1 0 0 0 1 0 1 0 0 1 0 0 0 0 1 0 1 1 0 1 0 1 0 1 1 1 0 0 1 1 1 0 1 1 0 0 1 1 1 0 1 1 0 
1 0 1 1 0 0 0 0 0 0 0 1 0 0 1 1 0 1 1 1 0 0 1 1 0 0 0 1 1 1 0 1 1 1 0 0 1 1 1 1 0 1 1 0 0 0 1 1 0 0 0 1 0 0 0 0 0 0 0 1 1 0 0 1 0 0 0 0 0 0 1 0 1 0 
1 0 0 1 0 0 0 0 1 1 0 1 1 1 0 1 0 1 0 1 0 1 0 0 1 0 1 1 1 0 1 1 1 1 1 0 0 0 0 1 1 1 1 1 0 1 0 1 0 1 0 0 0 1 1 1 1 1 0 1 0 0 0 0 0 0 0 0 0 1 0 1 1 0 
1 0 0 1 0 1 1 1 1 0 1 0 1 1 1 1 0 0 1 0 0 0 1 0 0 1 1 1 1 1 1 0 0 0 1 1 0 1 0 1 1 1 0 1 1 0 1 1 1 0 1 0 1 0 1 1 1 1 1 1 0 0 0 1 0 1 0 0 1 1 0 1 0 1 
1 1 1 0 1 0 1 0 0 1 0 0 1 1 0 1 1 0 1 0 1 0 1 0 0 1 1 0 1 1 1 1 0 0 0 0 1 0 0 1 1 0 1 0 1 1 1 1 1 1 1 1 1 0 1 0 1 0 0 1 1 1 0 1 0 0 1 1 0 0 0 1 1 1 
4 5 10 
0 1 1 0 1 2+2+2 2+2+2 2+2+2 2+2+2 2+2+22+2+2+2 1+1+1+1+1
1 0 1 0 1 
0 0 1 0 0 
1 1 1 0 0 