10
19 13 10 
0 1 0 0 1 0 0 0 1 0 0 0 1 
1 1 1 0 1 0 1 0 0 1 1 1 0 
0 0 0 0 1 1 1 0 0 0 1 0 0 
1 0 1 1 0 0 1 0 0 0 1 0 1 
0 1 1 1 1 0 0 0 1 1 0 0 1 
1 1 1 1 1 0 1 0 1 1 1 0 0 
0 0 1 0 1 0 1 0 0 0 1 1 1 
1 0 1 1 1 0 1 0 1 0 1 1 1 
0 1 1 0 1 0 1 1 1 0 1 1 1 
0 0 0 1 1 1 0 0 0 0 0 0 1 
0 0 0 1 0 1 0 1 0 1 1 1 1 
0 0 1 0 1 1 1 0 0 1 0 0 1 
1 1 0 1 1 1 0 1 1 0 1 1 1 
0 0 1 1 0 0 0 0 0 1 1 0 1 
0 0 0 1 1 1 0 0 0 1 1 0 0 
0 0 0 0 1 0 0 1 1 1 1 0 0 
1 1 0 0 0 0 0 1 1 0 0 0 1 
0 0 0 0 0 0 0 0 1 1 1 1 1 
1 0 1 0 0 1 1 1 1 1 0 0 0 

18 7 10 
0 1 1 1 1 0 1 
1 1 0 0 1 0 1 
0 0 1 0 1 1 1 
1 0 0 1 1 0 1 
0 1 1 0 0 1 0 
1 0 1 0 1 1 0 
1 1 0 0 0 0 0 
1 1 0 0 1 0 0 
0 0 0 1 1 0 0 
0 0 1 0 1 1 1 
1 0 0 0 0 1 1 
0 0 0 0 1 1 1 
1 0 1 1 1 1 1 
1 1 1 0 0 0 1 
0 0 0 0 1 1 0 
0 0 1 0 0 0 1 
1 0 1 0 0 1 0 
1 0 0 0 0 1 0 

3 20 10 
1 1 1 1 0 1 1 1 1 0 0 1 1 1 0 1 1 0 0 0 
1 0 1 0 0 1 1 0 1 1 0 0 1 1 0 0 1 0 1 0 
0 0 0 1 0 1 0 0 0 0 1 0 0 1 0 0 0 1 0 1 

10 16 10 
1 1 1 1 1 1 0 1 1 1 1 1 1 0 1 0 
0 0 1 0 1 0 1 0 0 0 0 0 1 0 1 0 
1 0 1 1 1 0 1 1 0 0 1 0 0 1 0 0 
1 0 0 0 1 1 1 0 0 1 1 1 1 0 1 0 
1 0 0 1 0 1 1 1 0 0 1 0 0 0 1 1 
0 0 1 1 0 1 0 0 0 0 1 0 0 0 1 0 
0 0 0 1 0 0 0 0 0 0 1 1 0 1 0 1 
0 0 0 1 1 1 0 0 0 1 0 1 1 0 0 1 
1 1 1 1 0 1 0 1 1 0 1 0 1 0 0 0 
1 1 1 0 0 0 1 0 1 0 0 1 1 1 0 1 

4 5 10 
0 1 1 0 1 
1 0 1 0 1 
0 0 1 0 0 
1 1 1 0 0 

6 9 10 
1 0 0 0 0 0 0 0 0 
1 1 0 0 1 1 1 0 0 
1 0 1 1 1 1 0 1 1 
1 1 0 1 1 1 0 0 0 
0 1 1 1 1 0 1 1 0 
0 1 0 0 1 0 1 1 1 

3 8 10 
0 0 1 1 1 1 0 0 
1 1 1 1 0 1 1 0 
0 0 0 0 1 1 0 1 

2 9 10 
0 1 0 1 0 1 1 0 0 
0 1 1 0 0 1 1 0 0 

20 11 10 
0 1 0 0 1 1 1 0 0 0 1 
0 1 1 1 0 1 0 1 0 0 1 
0 0 0 0 0 0 1 0 1 1 0 
0 1 0 0 1 1 0 0 1 1 0 
1 0 0 0 1 0 1 1 1 1 0 
1 0 1 1 0 0 1 0 0 1 0 
0 1 1 0 1 0 0 0 0 1 0 
1 0 1 1 1 1 0 1 1 1 1 
0 0 0 1 1 1 1 0 0 0 0 
0 0 0 0 1 0 0 1 0 0 1 
0 0 0 0 0 1 0 0 0 1 0 
0 1 1 0 0 0 0 1 0 1 1 
1 1 1 1 0 0 1 1 1 0 0 
1 0 1 0 0 0 0 1 0 0 0 
1 0 1 1 0 0 0 0 0 1 1 
0 1 0 0 0 1 0 1 0 1 0 
0 0 0 0 1 1 1 0 0 0 0 
0 0 1 0 1 1 0 1 1 1 0 
1 1 1 0 0 0 1 1 1 1 0 
1 1 0 0 1 0 1 1 0 1 1 

3 15 10 
1 0 0 1 1 1 1 1 1 1 1 0 1 0 1 
0 1 1 0 1 0 0 1 1 0 0 1 1 1 0 
1 0 0 0 1 1 0 1 0 1 0 0 1 1 1 

